0 0.742726 0.413596 0.133742 0.160102
1 0.453803 0.074015 0.083716 0.094663
0 0.916029 0.377700 0.145482 0.160737
0 0.866769 0.087992 0.131700 0.167090
0 0.325421 0.506989 0.119959 0.144854
0 0.806023 0.231258 0.132721 0.157560
1 0.752680 0.761753 0.113834 0.115629
0 0.624553 0.349111 0.135273 0.155654
0 0.934405 0.210928 0.131189 0.160102
0 0.845840 0.667408 0.132721 0.150572
0 0.744768 0.091169 0.142930 0.160737
0 0.681981 0.219504 0.117407 0.162008
0 0.558193 0.202351 0.128127 0.162008
0 0.436702 0.407243 0.125064 0.172808
