1 0.542624 0.464104 0.095967 0.103558
0 0.636804 0.200127 0.133231 0.163914
0 0.621491 0.873888 0.119959 0.168361
0 0.314191 0.802414 0.124043 0.177891
1 0.365237 0.903431 0.088310 0.115629
1 0.799898 0.873253 0.080653 0.122618
0 0.428790 0.083545 0.131700 0.160737
0 0.301685 0.213469 0.120470 0.162643
0 0.806789 0.201715 0.128127 0.160737
0 0.748086 0.082274 0.135273 0.160737
0 0.872894 0.406607 0.147014 0.170267
0 0.913731 0.256989 0.147014 0.148030
1 0.506381 0.219822 0.107198 0.111817
1 0.721286 0.887548 0.081674 0.115629
0 0.164114 0.273507 0.129148 0.154384
0 0.549260 0.094028 0.121491 0.152478
0 0.500000 0.885006 0.128127 0.149936
1 0.214395 0.898030 0.095967 0.123888
