0 0.719245 0.578145 0.136804 0.157560
0 0.937979 0.488564 0.124043 0.163914
1 0.101582 0.311944 0.090863 0.113088
1 0.968606 0.363723 0.062787 0.104828
0 0.691169 0.264612 0.144972 0.173443
1 0.555641 0.082274 0.095457 0.121347
0 0.294538 0.717281 0.136804 0.175349
1 0.680449 0.725222 0.096988 0.108640
1 0.105666 0.418996 0.095967 0.103558
1 0.640633 0.073380 0.086779 0.090851
0 0.378509 0.870076 0.128127 0.159466
0 0.225115 0.592122 0.127616 0.163914
0 0.413476 0.656925 0.126595 0.152478
0 0.847371 0.403113 0.141909 0.167090
0 0.781266 0.779860 0.140378 0.173443
1 0.423175 0.450445 0.105156 0.119441
0 0.362685 0.163914 0.124043 0.157560
0 0.537519 0.676938 0.126595 0.173443
1 0.774119 0.912325 0.098520 0.100381
0 0.596733 0.509848 0.136804 0.160737
