0 0.948954 0.084498 0.102093 0.168996
0 0.693721 0.777319 0.129658 0.148030
1 0.862175 0.461563 0.099030 0.113723
0 0.160031 0.273507 0.123022 0.158196
1 0.231496 0.618488 0.086269 0.121347
0 0.713885 0.447268 0.134252 0.161372
1 0.534967 0.742694 0.099030 0.116900
0 0.661817 0.292884 0.139357 0.149936
0 0.551557 0.884689 0.132210 0.158196
1 0.635784 0.903748 0.092394 0.101017
1 0.221542 0.804003 0.083716 0.101017
1 0.719500 0.598475 0.097499 0.123253
1 0.150077 0.574333 0.093925 0.121982
1 0.798367 0.526048 0.108218 0.129606
0 0.505105 0.251906 0.126085 0.150572
0 0.753190 0.086086 0.134252 0.172173
0 0.807810 0.347522 0.144461 0.155019
0 0.489025 0.089898 0.119449 0.145489
0 0.285350 0.300191 0.125574 0.158196
0 0.370597 0.155654 0.120470 0.156290
