0 0.671516 0.401207 0.126085 0.160737
0 0.440786 0.772872 0.130168 0.162008
0 0.757785 0.263342 0.141399 0.162008
0 0.948698 0.358958 0.102603 0.160102
0 0.520674 0.388501 0.120470 0.163278
0 0.333589 0.194727 0.131189 0.164549
0 0.306023 0.351970 0.118938 0.146125
0 0.842266 0.420267 0.139867 0.162008
0 0.859367 0.130241 0.136294 0.172808
0 0.718989 0.107370 0.134252 0.158831
0 0.622256 0.243011 0.127616 0.162008
1 0.765952 0.507624 0.102603 0.118170
1 0.411179 0.361499 0.079122 0.111817
0 0.190914 0.225222 0.123532 0.154384
