0 0.695253 0.086404 0.123532 0.151207
0 0.544410 0.253812 0.109750 0.162008
0 0.490556 0.516201 0.122511 0.169632
0 0.961205 0.803685 0.077591 0.193139
0 0.356815 0.746188 0.122511 0.168361
0 0.664625 0.877700 0.139867 0.173443
0 0.889995 0.341804 0.119959 0.172808
0 0.659520 0.259530 0.120470 0.175985
0 0.556917 0.094346 0.127616 0.175985
0 0.401736 0.090216 0.127616 0.174079
0 0.277182 0.573062 0.136804 0.158831
1 0.966820 0.312897 0.066360 0.127700
0 0.481879 0.879288 0.125574 0.166455
1 0.389229 0.260801 0.095457 0.113723
