0 0.382083 0.419314 0.128127 0.147395
0 0.838693 0.588945 0.156202 0.171537
1 0.331036 0.538437 0.093415 0.103558
0 0.480858 0.625476 0.119449 0.169632
0 0.445891 0.103558 0.126085 0.148666
0 0.538030 0.342757 0.134763 0.159466
1 0.351965 0.661372 0.071975 0.118170
0 0.625574 0.190280 0.133231 0.165820
0 0.230475 0.165502 0.128127 0.169632
1 0.893568 0.475222 0.109750 0.118170
0 0.124043 0.613723 0.127616 0.167726
0 0.606432 0.648030 0.131700 0.148666
0 0.184788 0.469822 0.129658 0.165820
1 0.707759 0.587992 0.088310 0.107370
1 0.470904 0.477128 0.109750 0.118170
1 0.422665 0.251588 0.086779 0.105464
0 0.664625 0.403748 0.134763 0.153113
1 0.900204 0.842757 0.096478 0.120076
1 0.778714 0.083863 0.099541 0.130877
0 0.244513 0.636595 0.129658 0.163914
