0 0.727922 0.769377 0.136804 0.163914
1 0.180194 0.074968 0.077591 0.109276
1 0.346350 0.889454 0.095457 0.123253
0 0.495406 0.257624 0.122001 0.151842
0 0.454824 0.875794 0.119449 0.159466
0 0.903777 0.564803 0.143441 0.160102
0 0.273864 0.133736 0.123022 0.172173
1 0.757529 0.581957 0.087800 0.096569
0 0.848392 0.113088 0.141909 0.156290
0 0.747320 0.202986 0.135784 0.159466
0 0.581164 0.869759 0.133231 0.168996
1 0.698571 0.891677 0.101582 0.102287
0 0.621235 0.696633 0.136804 0.154384
1 0.830015 0.651842 0.087800 0.102922
0 0.929301 0.304956 0.141399 0.176620
1 0.366769 0.225222 0.087289 0.112452
1 0.448698 0.087039 0.078612 0.116900
0 0.642164 0.493011 0.142930 0.163914
1 0.078612 0.108323 0.100051 0.114994
0 0.504339 0.735388 0.134763 0.156925
