0 0.740174 0.581004 0.138846 0.162008
0 0.769015 0.095934 0.131189 0.157560
1 0.515569 0.096569 0.092905 0.124524
0 0.571465 0.238564 0.131189 0.168361
0 0.866769 0.676938 0.161307 0.169632
0 0.433640 0.168043 0.129148 0.155654
0 0.744002 0.386912 0.126085 0.166455
0 0.632210 0.857370 0.135273 0.182338
0 0.655181 0.692186 0.134252 0.148030
0 0.836651 0.289708 0.141909 0.165184
1 0.896631 0.194727 0.091373 0.108640
0 0.756764 0.803050 0.146503 0.151207
0 0.928025 0.439962 0.143951 0.169632
0 0.623277 0.070839 0.134763 0.141677
