0 0.334865 0.870712 0.133742 0.159466
0 0.746554 0.152478 0.120980 0.143583
0 0.292751 0.317027 0.130168 0.166455
0 0.859112 0.248412 0.131700 0.170267
0 0.662072 0.422808 0.142930 0.167090
1 0.957376 0.306861 0.085248 0.124524
1 0.454313 0.494600 0.094946 0.120076
0 0.535222 0.393266 0.113834 0.151207
0 0.734814 0.299873 0.125064 0.142313
0 0.626340 0.692186 0.126595 0.175985
0 0.362430 0.633100 0.133742 0.167090
0 0.876212 0.098793 0.135273 0.154384
0 0.612047 0.247776 0.132721 0.152478
0 0.536498 0.130559 0.138846 0.162008
