0 0.684788 0.187421 0.147524 0.168996
0 0.700868 0.649301 0.132721 0.157560
0 0.330015 0.714104 0.133231 0.171537
0 0.684788 0.774460 0.083206 0.105464
1 0.567126 0.098158 0.085758 0.121347
0 0.165646 0.540025 0.118938 0.163914
0 0.942573 0.494282 0.114855 0.165184
0 0.275651 0.245553 0.121491 0.154384
0 0.308831 0.391677 0.134763 0.148030
0 0.300919 0.561309 0.139357 0.153113
0 0.595457 0.817662 0.139357 0.162643
1 0.464267 0.675032 0.084227 0.112452
0 0.408372 0.274142 0.131700 0.173443
1 0.964267 0.363088 0.071465 0.109911
1 0.645227 0.075286 0.075549 0.103558
1 0.583716 0.559720 0.108729 0.127065
1 0.323379 0.139454 0.079122 0.114994
1 0.222563 0.125159 0.094946 0.114358
0 0.706738 0.462516 0.144461 0.162643
