0 0.616131 0.869759 0.136804 0.168996
0 0.280500 0.833545 0.123022 0.162643
1 0.442828 0.077192 0.082185 0.113723
1 0.442828 0.876747 0.100562 0.104193
0 0.535733 0.231576 0.128127 0.153113
0 0.466309 0.333545 0.122001 0.148666
0 0.270801 0.126429 0.122001 0.163914
1 0.747575 0.835451 0.095457 0.116900
1 0.161052 0.077510 0.075038 0.110546
0 0.388464 0.768742 0.125574 0.162643
1 0.324911 0.632783 0.095457 0.134689
1 0.196018 0.514295 0.088821 0.121347
1 0.374426 0.123888 0.087289 0.118170
0 0.456866 0.631194 0.118428 0.153113
0 0.614089 0.529225 0.130679 0.163914
0 0.847116 0.634053 0.137315 0.162643
0 0.513272 0.761436 0.124043 0.158196
0 0.945125 0.556861 0.109750 0.169632
0 0.840225 0.459657 0.151097 0.170902
1 0.739408 0.702351 0.101582 0.118806
