1 0.321082 0.325286 0.074528 0.104193
0 0.300664 0.861182 0.125574 0.158196
1 0.333078 0.198221 0.081164 0.118170
1 0.463247 0.772554 0.092394 0.097840
0 0.637315 0.217281 0.148545 0.162643
1 0.747065 0.857687 0.096478 0.123253
0 0.574273 0.436785 0.131700 0.156925
0 0.374170 0.698221 0.120470 0.161372
0 0.429045 0.879288 0.123022 0.149936
1 0.833844 0.624841 0.095457 0.112452
0 0.368555 0.461245 0.126595 0.170267
0 0.232006 0.380559 0.123022 0.161372
0 0.181470 0.885642 0.123022 0.162643
0 0.169985 0.692503 0.120470 0.156290
1 0.162328 0.552732 0.108218 0.116900
1 0.090607 0.858640 0.076059 0.127700
0 0.426238 0.320839 0.125574 0.148666
1 0.271567 0.713151 0.084737 0.121347
0 0.484941 0.167408 0.135784 0.170902
0 0.583971 0.864041 0.130679 0.167726
