0 0.408627 0.103558 0.126085 0.151207
0 0.755232 0.077827 0.124043 0.153113
1 0.943849 0.895489 0.105156 0.114994
1 0.851710 0.066391 0.086269 0.113723
0 0.277437 0.477446 0.118938 0.154384
0 0.407351 0.255718 0.126595 0.162008
0 0.587545 0.296696 0.133742 0.151207
0 0.693977 0.218234 0.139357 0.155654
0 0.242726 0.252224 0.130168 0.165184
0 0.676621 0.799238 0.136294 0.171537
0 0.624553 0.088628 0.114855 0.162008
0 0.831802 0.655972 0.136294 0.168361
0 0.823635 0.214104 0.135273 0.163914
0 0.937979 0.150889 0.124043 0.162008
