1 0.504849 0.060038 0.093925 0.104828
0 0.839204 0.285896 0.143951 0.170267
0 0.202144 0.256989 0.123532 0.146760
0 0.471159 0.336404 0.128637 0.153113
0 0.361154 0.098158 0.124043 0.164549
0 0.625574 0.867535 0.125064 0.183609
0 0.531394 0.692503 0.128637 0.179161
1 0.896120 0.199174 0.097499 0.106099
0 0.927514 0.432338 0.144972 0.163278
0 0.761613 0.113723 0.123532 0.152478
0 0.484431 0.525731 0.127616 0.132783
0 0.617662 0.081639 0.114344 0.160737
0 0.469883 0.172808 0.134252 0.174079
0 0.571465 0.420584 0.131189 0.167726
