0 0.718479 0.822427 0.140378 0.181067
0 0.953037 0.733164 0.093925 0.144854
1 0.426748 0.328463 0.100051 0.118170
0 0.875957 0.099746 0.122511 0.171537
0 0.911179 0.882465 0.139867 0.160102
0 0.724604 0.237611 0.135273 0.160102
0 0.758040 0.088628 0.116386 0.149301
0 0.573252 0.334816 0.139867 0.165184
0 0.511230 0.155654 0.131189 0.158831
0 0.854262 0.284307 0.129148 0.169632
1 0.966309 0.302732 0.067381 0.107370
0 0.502042 0.466010 0.130168 0.162008
0 0.636549 0.140407 0.121491 0.152478
0 0.354773 0.093393 0.128637 0.167726
