0 0.753190 0.432338 0.135273 0.160737
1 0.097243 0.392313 0.097499 0.116264
1 0.888208 0.079098 0.106177 0.116264
0 0.819806 0.204892 0.127616 0.154384
1 0.510209 0.087039 0.099541 0.113088
0 0.273609 0.330368 0.135784 0.157560
1 0.115110 0.802414 0.089331 0.124524
0 0.264676 0.702668 0.130168 0.163914
0 0.482644 0.199174 0.129148 0.165820
1 0.395100 0.286849 0.089842 0.121347
0 0.475242 0.360864 0.136804 0.163914
0 0.757529 0.089263 0.136804 0.165820
1 0.753190 0.896442 0.107708 0.114358
0 0.615620 0.189009 0.136804 0.160737
1 0.620980 0.074968 0.093415 0.095299
0 0.430322 0.869123 0.121491 0.162643
0 0.272333 0.180114 0.107708 0.162008
0 0.307300 0.865311 0.131700 0.176620
1 0.634252 0.431385 0.104645 0.127065
0 0.381062 0.115629 0.128127 0.157560
