0 0.478050 0.720457 0.123022 0.157560
0 0.482389 0.878335 0.128637 0.162008
0 0.869321 0.742376 0.138846 0.163278
0 0.596223 0.748412 0.116386 0.160102
0 0.715161 0.694727 0.131700 0.168361
0 0.962991 0.799555 0.074017 0.175985
1 0.969883 0.310038 0.060235 0.118170
0 0.856815 0.415820 0.141399 0.189962
0 0.778969 0.862452 0.143951 0.175985
0 0.652629 0.877700 0.131189 0.154384
1 0.414242 0.281131 0.100562 0.116264
0 0.567637 0.581004 0.149056 0.174714
0 0.353752 0.746823 0.121491 0.160737
0 0.443083 0.537166 0.137825 0.162008
