0 0.699592 0.868488 0.132210 0.157560
0 0.322358 0.583227 0.126085 0.157560
0 0.488770 0.421220 0.131189 0.166455
0 0.383614 0.866900 0.129148 0.169632
1 0.565084 0.608323 0.104135 0.101017
0 0.276161 0.729670 0.121491 0.148030
0 0.832312 0.850381 0.137315 0.162008
0 0.924451 0.443774 0.143951 0.168361
0 0.887953 0.697268 0.148545 0.169632
1 0.887443 0.216645 0.102603 0.109276
0 0.504849 0.825604 0.138846 0.181067
0 0.750128 0.721410 0.124043 0.155654
0 0.613834 0.727446 0.136294 0.165184
0 0.664370 0.556226 0.125064 0.162008
