0 0.612813 0.218869 0.128127 0.159466
0 0.341501 0.431385 0.115365 0.157560
0 0.846605 0.631194 0.143441 0.159466
0 0.757019 0.406925 0.144972 0.153113
1 0.281011 0.094028 0.096478 0.111817
1 0.051302 0.695362 0.101582 0.132783
1 0.522205 0.452668 0.106177 0.125159
0 0.254467 0.322109 0.129148 0.142313
0 0.127361 0.377382 0.122001 0.161372
0 0.223328 0.472999 0.123022 0.165820
1 0.445380 0.594663 0.100562 0.109276
1 0.320316 0.180114 0.096478 0.094663
1 0.173047 0.255718 0.078612 0.107370
0 0.428790 0.127065 0.115365 0.156290
0 0.383104 0.282719 0.128127 0.161372
0 0.550281 0.090216 0.124553 0.167726
1 0.745023 0.716328 0.100562 0.114994
1 0.774885 0.843393 0.093925 0.113723
0 0.508423 0.295426 0.124553 0.161372
0 0.745533 0.206798 0.137315 0.164549
