0 0.465544 0.346569 0.130679 0.173443
1 0.668198 0.528590 0.106177 0.099111
1 0.769781 0.855464 0.096988 0.116264
0 0.800408 0.717916 0.137825 0.165184
1 0.590863 0.895489 0.084227 0.122618
0 0.813936 0.199174 0.132210 0.159466
0 0.748086 0.082910 0.148545 0.162008
1 0.646248 0.413278 0.106177 0.135324
0 0.662328 0.799873 0.123022 0.163914
0 0.874681 0.409149 0.153650 0.168996
0 0.570444 0.135006 0.128127 0.154384
0 0.927769 0.254765 0.139357 0.156290
1 0.587800 0.692503 0.103624 0.111817
0 0.525523 0.794473 0.135273 0.159466
1 0.633742 0.072745 0.078101 0.090851
1 0.444359 0.619441 0.095457 0.118170
1 0.902757 0.074968 0.104645 0.114358
0 0.592649 0.289390 0.126595 0.167090
0 0.401480 0.881194 0.125064 0.170267
