0 0.433640 0.880241 0.136294 0.168361
0 0.686575 0.730623 0.126595 0.152478
0 0.573252 0.734435 0.120470 0.157560
0 0.719755 0.888501 0.150077 0.175985
0 0.451761 0.695362 0.122511 0.154384
0 0.721031 0.289072 0.130168 0.166455
0 0.553854 0.455527 0.136804 0.144854
0 0.723583 0.559085 0.130168 0.158831
1 0.394334 0.342757 0.090352 0.114994
1 0.955590 0.322427 0.088821 0.108640
0 0.563042 0.889454 0.132721 0.171537
0 0.306023 0.876747 0.139357 0.171537
0 0.568147 0.110546 0.122511 0.158831
0 0.521950 0.251588 0.130168 0.157560
