0 0.409393 0.644854 0.117407 0.167726
0 0.515059 0.159784 0.126595 0.160737
0 0.677131 0.079416 0.125064 0.139771
0 0.576825 0.692186 0.122511 0.169632
0 0.718479 0.865947 0.142420 0.177891
0 0.488515 0.797649 0.116386 0.177255
0 0.841501 0.500953 0.146503 0.163278
0 0.265442 0.434562 0.122511 0.149936
0 0.420623 0.075604 0.139867 0.151207
0 0.269781 0.701080 0.126085 0.155654
0 0.358601 0.803685 0.126085 0.167726
1 0.890505 0.228399 0.096478 0.107370
1 0.367790 0.207116 0.097499 0.121982
0 0.587545 0.872935 0.116386 0.151207
