0 0.680194 0.250635 0.129148 0.146760
0 0.807810 0.246188 0.124043 0.155654
0 0.587545 0.880877 0.151097 0.173443
0 0.875957 0.089581 0.137825 0.160102
0 0.407351 0.883100 0.143951 0.165184
0 0.757019 0.375476 0.132721 0.143583
0 0.395610 0.235388 0.127616 0.168361
0 0.505615 0.099111 0.119959 0.151207
0 0.296580 0.102287 0.122511 0.144854
0 0.716437 0.098793 0.134252 0.154384
0 0.553854 0.223634 0.123532 0.151207
1 0.732261 0.904066 0.107708 0.138501
0 0.838948 0.500000 0.146503 0.149936
1 0.403777 0.076239 0.083716 0.105464
