0 0.849668 0.384053 0.130168 0.154384
1 0.833078 0.644219 0.111281 0.132147
0 0.601327 0.171220 0.126595 0.174714
0 0.266462 0.448539 0.137825 0.165184
0 0.720265 0.127065 0.121491 0.151207
0 0.543900 0.815438 0.124043 0.167090
0 0.720265 0.832592 0.138846 0.163278
0 0.944870 0.336404 0.110260 0.168361
0 0.655181 0.317980 0.129148 0.168361
1 0.895610 0.888501 0.086269 0.120076
0 0.846095 0.098793 0.130168 0.163278
0 0.418581 0.780496 0.128637 0.155654
0 0.489280 0.246823 0.117917 0.154384
0 0.390505 0.338945 0.117407 0.148030
