0 0.521184 0.430750 0.134763 0.167726
0 0.401991 0.171537 0.118938 0.162643
0 0.330781 0.621982 0.125574 0.157560
0 0.577591 0.283672 0.122001 0.148030
1 0.687851 0.225540 0.108729 0.130877
1 0.236600 0.664549 0.091373 0.118170
0 0.690403 0.420267 0.142420 0.172173
0 0.425472 0.741741 0.133231 0.170902
1 0.835120 0.561309 0.106177 0.126429
0 0.356304 0.468234 0.135784 0.162643
1 0.784584 0.392313 0.066360 0.103558
1 0.015314 0.412961 0.030628 0.129606
0 0.220521 0.416773 0.135784 0.162643
0 0.732772 0.678526 0.142420 0.168996
1 0.287902 0.194409 0.090863 0.123253
0 0.523737 0.654701 0.119449 0.153113
0 0.126340 0.638183 0.132210 0.164549
1 0.117917 0.482211 0.089842 0.105464
0 0.600562 0.540025 0.142420 0.156290
1 0.248086 0.539072 0.104135 0.128971
