1 0.012506 0.419314 0.025013 0.101652
1 0.529096 0.375794 0.096478 0.093393
0 0.064063 0.537484 0.125064 0.167726
0 0.918326 0.451398 0.150077 0.162008
1 0.155692 0.248412 0.087800 0.115629
0 0.359622 0.688691 0.123022 0.167726
0 0.787902 0.294155 0.138336 0.161372
0 0.237876 0.708069 0.126595 0.165820
0 0.484941 0.698856 0.131700 0.171537
0 0.569934 0.244282 0.117917 0.149301
0 0.056662 0.272236 0.110260 0.159466
0 0.623788 0.424396 0.142930 0.177891
1 0.802705 0.495870 0.111792 0.109911
1 0.220521 0.482529 0.101072 0.120076
1 0.297090 0.236023 0.084737 0.123888
1 0.133997 0.448221 0.091373 0.101017
1 0.693721 0.232846 0.103114 0.139136
0 0.658244 0.581639 0.128127 0.153113
0 0.467586 0.483482 0.139867 0.171537
0 0.448188 0.298285 0.134763 0.182338
