0 0.410924 0.081004 0.143951 0.162008
0 0.610260 0.209339 0.141399 0.163278
0 0.922409 0.449174 0.155181 0.172808
0 0.334609 0.569886 0.118938 0.158831
0 0.790965 0.077827 0.137315 0.155654
0 0.837928 0.346569 0.124043 0.154384
0 0.714140 0.364676 0.133742 0.165184
0 0.791730 0.506036 0.126595 0.162008
1 0.357836 0.205527 0.089842 0.118806
1 0.877999 0.228081 0.109239 0.104193
0 0.549260 0.079416 0.122511 0.158831
0 0.281011 0.729034 0.129148 0.155654
0 0.931853 0.076239 0.136294 0.152478
0 0.840990 0.710292 0.145482 0.167726
