1 0.232261 0.410737 0.094946 0.113723
0 0.709546 0.481576 0.134763 0.151207
0 0.485962 0.744600 0.139867 0.167726
1 0.536498 0.375794 0.084737 0.097205
1 0.127361 0.429479 0.091373 0.101652
1 0.199081 0.314485 0.098009 0.111817
0 0.196529 0.549555 0.129658 0.155019
0 0.493364 0.470775 0.128127 0.167726
0 0.768760 0.662643 0.129658 0.157560
1 0.297090 0.258895 0.084737 0.120076
0 0.373660 0.631512 0.124553 0.161372
0 0.340990 0.399619 0.129658 0.165184
0 0.799387 0.353875 0.148035 0.174079
1 0.011741 0.411055 0.023481 0.101652
0 0.643185 0.617853 0.148035 0.175985
1 0.144972 0.230940 0.076570 0.113723
0 0.552323 0.218234 0.126595 0.142948
0 0.058959 0.285578 0.114855 0.169632
0 0.443594 0.299238 0.134763 0.180432
