1 0.277182 0.347840 0.081674 0.103558
0 0.488259 0.096252 0.131189 0.163278
1 0.304492 0.259848 0.096478 0.097840
1 0.965033 0.671855 0.066871 0.113723
1 0.246299 0.538437 0.099541 0.116264
0 0.479326 0.428526 0.129658 0.149301
1 0.373405 0.367535 0.101582 0.109911
0 0.326187 0.661372 0.132721 0.184244
0 0.447677 0.655337 0.129658 0.163278
0 0.383614 0.164549 0.128127 0.163914
0 0.638081 0.824968 0.144972 0.172173
0 0.338693 0.456480 0.128127 0.155654
0 0.080909 0.332592 0.128127 0.175985
1 0.785094 0.099428 0.103114 0.116264
1 0.638081 0.538119 0.105156 0.128335
0 0.573252 0.685197 0.148035 0.169632
1 0.792751 0.503177 0.108218 0.124524
0 0.590863 0.153113 0.123022 0.157560
0 0.546452 0.311626 0.131189 0.146760
0 0.735579 0.271283 0.129658 0.170267
